-8.823031020389504597e-02
2.155816603940066134e-01
-5.380929159312625165e-01
-7.283794993400198869e-01
-6.286673796870907438e-01
5.250607977298136220e-01
9.440111693306747487e-01
6.860325332976269230e-01
-9.314828994265358375e-01
-9.290427681131033788e-01
-6.539711711403062289e-01
1.000000000000000000e+00
7.901405195459851871e-01
1.000000000000000000e+00
7.957495667868268452e-01
-4.771041897965724310e-01
-1.000000000000000000e+00
5.303341563133421310e-01
6.989168205598872419e-02
6.197886294044487876e-01
1.012311647191443953e-01
4.977509075128445648e-01
1.647285032941947502e-01
-5.880131718109601335e-01
-1.000000000000000000e+00
-4.151394119382973980e-01
-4.403673990332699351e-01
-7.774002112700488798e-01
-7.059572886599141395e-01
-8.771941601561057400e-01
-7.884576633357509579e-01
-1.000000000000000000e+00
-4.305938325512412845e-01
-5.340461816421604446e-02
1.004912548237275605e-01
-9.766789918121683289e-01
-4.333822038702368484e-01
3.950579775740010735e-01
2.228340896233276247e-01
3.141675731824693507e-01
-9.757991353749870811e-01
1.527682117774609161e-02
-7.865190294585147068e-01
-6.068954370039028046e-01
-1.000000000000000000e+00
-7.331751556904797518e-02
8.420139842475053982e-01
7.481026520529800994e-01
2.273923937846897836e-01
2.585950564624259762e-01
9.359456642667964843e-01
9.101291352445746163e-01
-7.572638286717183753e-01
2.175488495275947898e-01
1.000000000000000000e+00
1.000000000000000000e+00
-1.000000000000000000e+00
4.259932572564673059e-01
-1.941932028531038468e-01
1.713500513215436838e-01
-8.085293640295382334e-02
1.245122795165978236e-01
2.285521669700725234e-01
-5.317195381610277938e-01
1.650623265277013640e-01
4.528942117495686759e-01
-9.179730991838619403e-02
3.794713800615265864e-01
8.479471285277437875e-01
1.000000000000000000e+00
8.729909920022698167e-01
-7.213319787471641487e-01
-3.526662026478608603e-01
-2.044681604697531352e-01
4.149883048187177348e-01
1.000000000000000000e+00
-6.866563365828630694e-01
-3.529126043928734746e-01
-9.292827876656601926e-01
-7.388702543997960337e-01
-7.102054615075914512e-02
-3.374364633147830528e-01
1.669960992329206917e-01
-1.000000000000000000e+00
7.211179185806793068e-01
6.565967269864632083e-01
-8.376109153679434094e-01
9.127753598282368763e-01
-6.665825906827128611e-01
-5.979580947877234376e-01
-5.754145661177989535e-01
-7.126722516102591554e-01
-4.971189201836854199e-01
6.969743229180935806e-01
1.000000000000000000e+00
-7.923874967379183065e-01
-5.150518249177946650e-01
4.358484411894105737e-01
4.626193611662587912e-02
1.000000000000000000e+00
1.981952311638627562e-01
-2.853394579808664622e-01
-5.955016414815066383e-01
-2.330247833433223281e-01
8.601247302183228083e-01
1.000000000000000000e+00
-1.000000000000000000e+00
-6.767287135660009501e-01
-2.509488686425180859e-01
-7.084480192100950369e-02
-1.000000000000000000e+00
-9.501068283099736167e-01
-2.641936785905181218e-01
6.007314290611021068e-02
3.511928662710685212e-02
-1.000000000000000000e+00
1.000000000000000000e+00
5.398568203317596903e-02
3.725698173544318426e-01
-3.532768440554159284e-01
1.000000000000000000e+00
2.333579772673098907e-01
-1.000000000000000000e+00
6.741521049698386836e-01
-9.621653739906972369e-01
1.000000000000000000e+00
-2.965079792468011122e-01
4.535534790410287176e-01
-1.000000000000000000e+00
-5.079940489215797328e-01
8.008910145103002032e-01
-5.438716637476374016e-01
3.973916847060039448e-01
5.875800867814069406e-01
1.324164947500181544e-01
-9.256165892562213671e-01
2.992448952102931825e-01
-2.249996109632610430e-01
-1.000000000000000000e+00
3.029154762770247533e-01
-7.181431900785988365e-01
-8.473792631651670959e-01
2.919686545467516936e-01
2.828178431328747244e-01
6.034962571911977047e-01
-3.920580342649371275e-02
-6.256654281721247823e-01
7.639549962361469326e-02
-4.954318259362160415e-01
-1.000000000000000000e+00
1.000000000000000000e+00
9.146006504346124721e-01
-9.872550559049919627e-01
5.794897356252768361e-01
-1.000000000000000000e+00
4.505955986757770315e-01
-1.054315111316415088e-01
-4.118303297527340368e-01
-8.432299961383977749e-01
7.237826993586691238e-01
-8.320672533279926952e-02
7.634465566792467683e-01
3.695042568276787343e-01
3.063513207981005682e-01
5.012689098973917012e-01
-4.072434622015892458e-01
-6.673707595953861649e-01
9.028312714721253851e-01
-1.000000000000000000e+00
5.870559448261927216e-01
-2.181144012624838258e-01
-9.481792792470893350e-01
5.958801336724084408e-01
-3.097452922671803943e-01
3.682066840080699954e-01
1.501280991843308155e-01
-6.448078772820804438e-01
-5.770928750400010632e-01
1.000000000000000000e+00
-7.572818873634574732e-01
2.460954938931371183e-01
5.220751073223212080e-01
7.525462560459694750e-01
-7.227878529854459000e-01
-1.000000000000000000e+00
-2.584359725859597390e-02
1.000000000000000000e+00
-7.799342478191384487e-02
-6.064663203770759292e-01
7.912790795498831908e-01
-6.094994765090513411e-01
4.773063738089970975e-01
-4.579244517869149877e-01
1.000000000000000000e+00
7.106699240100349257e-01
-1.000000000000000000e+00
-4.168223856963679808e-01
-6.804592964260613996e-02
9.701236454363317829e-01
5.714309818429390564e-01
-4.958746166613267059e-01
-1.000000000000000000e+00
1.543064545458818770e-01
-8.947849436618879881e-01
1.000000000000000000e+00
7.395833990434956817e-01
-1.000000000000000000e+00
-4.174208677541177970e-01
2.040940042044581126e-01
-1.052015513215842635e-01
-4.972380676756893436e-02
3.093843636546873554e-01
6.516878143572266691e-01
2.134315807268363230e-01
-7.888032011044572300e-01
-6.114302884298461471e-01
3.657523370669155671e-01
-1.000000000000000000e+00
1.000000000000000000e+00
-7.417513238665081055e-01
1.000000000000000000e+00
1.000000000000000000e+00
-6.890631858908768947e-02
1.673312121137118247e-01
-2.642579596791633789e-01
8.405035946753516285e-01
-7.872831311627364048e-01
-1.000000000000000000e+00
2.970313790915088958e-01
-2.067049798908611180e-01
-1.020233867266827632e-01
9.707695292510867269e-01
-5.770839759568703320e-01
-3.334031272155888459e-01
2.455553608366780605e-01
8.824583986186723683e-01
7.176653271247284138e-01
1.000000000000000000e+00
7.381913869287815011e-01
1.000000000000000000e+00
-3.088779798703693569e-01
-1.000000000000000000e+00
1.000000000000000000e+00
7.437944070245325889e-01
-1.000000000000000000e+00
-8.067125661545191395e-01
6.046117051520774055e-01
-6.033799401074593227e-01
7.692578939036178731e-01
-2.559200708205624508e-01
-5.144436916640169333e-01
3.242053214348985524e-01
3.748115665866038615e-01
-4.641525365543653359e-01
9.864102342944158774e-01
7.866549337908593786e-01
8.917665115952944088e-01
-9.684789915960951845e-01
3.043514969077072418e-01
-2.630096134935957508e-01
-7.241447160860741139e-01
-7.388666766913269957e-01
-8.735536168303288385e-01
1.986336969735826852e-01
7.578048069058047620e-01
